version https://git-lfs.github.com/spec/v1
oid sha256:d51c968ff6d68b910fd2a013ef311fef3fa3a297bfb27709a3c86a440a52f6f4
size 441
